08017
55014
08033
55017
08035
08036
55023
08045
55028
08049
55033
08052
55037
55038
08055
55040
08056
08057
08059
51047
51062
08075
55065
55068
08082
08085
08086
55081
55082
08089
08097
08098
51130
55103
08109
51138
51139
55113
08120
55115
55117
08128
08131
55137
55140
55155
51222
55174
55180
55185
08161
08164
08171
51253
08176
55194
55199
55202
08186
55208
51272
08197
08198
08215
08233
55257
08061
08063
08135
51399
51397
55266
55271
08245
08246
55285
51133
51143
08116
55116
08300
55379
51619
51132
08019
55253
08020
55295
08259
55304
55313
08274
51370
55343
08296
55346
08301
55355
08310
55375
55378
08321
55383
51404
08325
08326
55388
55389
08332
08333
51424
51442
55409
08350
55416
55419
51456
55438
51507
08383
08394
51519
08406
08411
08412
55484
51533
55517
51537
08424
55493
08425
08430
08434
08437
08439
08446
08453
08461
55527
55532
55536
08463
08464
08470
08471
51610
55549
51620
51621
55560
51632
55569
08489
08490
51658
55577